<svg xmlns="http://www.w3.org/2000/svg" id="svg2" width="514" height="514" version="1">
 <g id="black-notes" transform="translate(-1703,-29)">
  <rect id="rect4625" width="514" height="514" x="1703" y="29" style="opacity:0.00100002;fill:#000000;fill-opacity:1;stroke-width:1.2364918"/>
  <path style="opacity:0.02000002;fill:#000000;fill-opacity:1;stroke:none" id="path4287" d="m 1748.2188,35.000019 c -21.7272,0 -39.2188,17.491563 -39.2188,39.218746 V 89.906261 482.09371 497.78125 C 1709,519.50843 1726.4916,537 1748.2188,537 h 15.6874 392.1875 15.6875 C 2193.5084,537 2211,519.50843 2211,497.78125 V 482.09371 89.906261 74.218765 c 0,-21.727183 -17.4916,-39.218746 -39.2188,-39.218746 h -15.6875 -392.1875 z"/>
  <path id="path4289" d="m 1747.375,34.000019 c -21.8138,0 -39.375,17.561251 -39.375,39.374996 V 89.125011 482.87496 498.625 c 0,21.81374 17.5612,39.375 39.375,39.375 h 15.75 393.75 15.75 C 2194.4387,538 2212,520.43874 2212,498.625 V 482.87496 89.125011 73.375015 c 0,-21.813745 -17.5613,-39.374996 -39.375,-39.374996 h -15.75 -393.75 z" style="opacity:0.02000002;fill:#000000;fill-opacity:1;stroke:none"/>
  <path style="opacity:0.02000002;fill:#000000;fill-opacity:1;stroke:none" id="path4291" d="m 1746.5313,33.000019 c -21.9004,0 -39.5313,17.630939 -39.5313,39.531246 V 88.343761 483.65621 499.46875 C 1707,521.36905 1724.6309,539 1746.5313,539 h 15.8124 395.3125 15.8125 C 2195.3691,539 2213,521.36905 2213,499.46875 V 483.65621 88.343761 72.531265 c 0,-21.900307 -17.6309,-39.531246 -39.5313,-39.531246 h -15.8125 -395.3125 z"/>
  <path id="path4293" d="m 1745.6875,32.000019 c -21.9869,0 -39.6875,17.700627 -39.6875,39.687496 V 87.562511 484.43746 500.3125 c 0,21.98686 17.7006,39.6875 39.6875,39.6875 h 15.875 396.875 15.875 C 2196.2994,540 2214,522.29936 2214,500.3125 V 484.43746 87.562511 71.687515 c 0,-21.986869 -17.7006,-39.687496 -39.6875,-39.687496 h -15.875 -396.875 z" style="opacity:0.02000002;fill:#000000;fill-opacity:1;stroke:none"/>
  <path style="opacity:0.02000002;fill:#000000;fill-opacity:1;stroke:none" id="path4295" d="m 1744.8438,31.000019 c -22.0735,0 -39.8438,17.770315 -39.8438,39.843746 V 86.781261 485.21871 501.15625 C 1705,523.22967 1722.7703,541 1744.8438,541 h 15.9374 398.4375 15.9375 C 2197.2297,541 2215,523.22967 2215,501.15625 V 485.21871 86.781261 70.843765 c 0,-22.073431 -17.7703,-39.843746 -39.8438,-39.843746 h -15.9375 -398.4375 z"/>
  <path id="path4297" d="m 1744,30.000019 c -22.16,0 -40,17.840003 -40,39.999996 V 86.000011 485.99996 502 c 0,22.15998 17.84,40 40,40 h 16 400 16 c 22.16,0 40,-17.84002 40,-40 V 485.99996 86.000011 70.000015 c 0,-22.159993 -17.84,-39.999996 -40,-39.999996 h -16 -400 z" style="opacity:0.02000002;fill:#000000;fill-opacity:1;stroke:none"/>
  <path id="path4299" d="m 1749.0625,30.00001 c -21.6406,0 -39.0625,17.42187 -39.0625,39.0625 v 15.625 390.62494 15.62504 c 0,21.64062 17.4219,39.0625 39.0625,39.0625 h 15.625 390.625 15.625 c 21.6406,0 39.0625,-17.42188 39.0625,-39.0625 V 475.31245 84.68751 69.06251 c 0,-21.64063 -17.4219,-39.0625 -39.0625,-39.0625 h -15.625 -390.625 z" style="opacity:1;fill:#303030;fill-opacity:1;stroke:none"/>
 </g>
 <g id="white-notes" transform="translate(-1189,-29)">
  <rect style="opacity:0.00100002;fill:#000000;fill-opacity:1;stroke-width:1.2364918" id="rect4637" width="514" height="514" x="1703" y="29"/>
  <path id="path4639" d="m 1748.2188,35.000019 c -21.7272,0 -39.2188,17.491563 -39.2188,39.218746 V 89.906261 482.09371 497.78125 C 1709,519.50843 1726.4916,537 1748.2188,537 h 15.6874 392.1875 15.6875 C 2193.5084,537 2211,519.50843 2211,497.78125 V 482.09371 89.906261 74.218765 c 0,-21.727183 -17.4916,-39.218746 -39.2188,-39.218746 h -15.6875 -392.1875 z" style="opacity:0.02000002;fill:#000000;fill-opacity:1;stroke:none"/>
  <path style="opacity:0.02000002;fill:#000000;fill-opacity:1;stroke:none" id="path4641" d="m 1747.375,34.000019 c -21.8138,0 -39.375,17.561251 -39.375,39.374996 V 89.125011 482.87496 498.625 c 0,21.81374 17.5612,39.375 39.375,39.375 h 15.75 393.75 15.75 C 2194.4387,538 2212,520.43874 2212,498.625 V 482.87496 89.125011 73.375015 c 0,-21.813745 -17.5613,-39.374996 -39.375,-39.374996 h -15.75 -393.75 z"/>
  <path id="path4643" d="m 1746.5313,33.000019 c -21.9004,0 -39.5313,17.630939 -39.5313,39.531246 V 88.343761 483.65621 499.46875 C 1707,521.36905 1724.6309,539 1746.5313,539 h 15.8124 395.3125 15.8125 C 2195.3691,539 2213,521.36905 2213,499.46875 V 483.65621 88.343761 72.531265 c 0,-21.900307 -17.6309,-39.531246 -39.5313,-39.531246 h -15.8125 -395.3125 z" style="opacity:0.02000002;fill:#000000;fill-opacity:1;stroke:none"/>
  <path style="opacity:0.02000002;fill:#000000;fill-opacity:1;stroke:none" id="path4645" d="m 1745.6875,32.000019 c -21.9869,0 -39.6875,17.700627 -39.6875,39.687496 V 87.562511 484.43746 500.3125 c 0,21.98686 17.7006,39.6875 39.6875,39.6875 h 15.875 396.875 15.875 C 2196.2994,540 2214,522.29936 2214,500.3125 V 484.43746 87.562511 71.687515 c 0,-21.986869 -17.7006,-39.687496 -39.6875,-39.687496 h -15.875 -396.875 z"/>
  <path id="path4647" d="m 1744.8438,31.000019 c -22.0735,0 -39.8438,17.770315 -39.8438,39.843746 V 86.781261 485.21871 501.15625 C 1705,523.22967 1722.7703,541 1744.8438,541 h 15.9374 398.4375 15.9375 C 2197.2297,541 2215,523.22967 2215,501.15625 V 485.21871 86.781261 70.843765 c 0,-22.073431 -17.7703,-39.843746 -39.8438,-39.843746 h -15.9375 -398.4375 z" style="opacity:0.02000002;fill:#000000;fill-opacity:1;stroke:none"/>
  <path style="opacity:0.02000002;fill:#000000;fill-opacity:1;stroke:none" id="path4649" d="m 1744,30.000019 c -22.16,0 -40,17.840003 -40,39.999996 V 86.000011 485.99996 502 c 0,22.15998 17.84,40 40,40 h 16 400 16 c 22.16,0 40,-17.84002 40,-40 V 485.99996 86.000011 70.000015 c 0,-22.159993 -17.84,-39.999996 -40,-39.999996 h -16 -400 z"/>
  <path style="opacity:1;fill:#ffffff;fill-opacity:1;stroke:none" id="path4651" d="m 1749.0625,30.00001 c -21.6406,0 -39.0625,17.42187 -39.0625,39.0625 v 15.625 390.62494 15.62504 c 0,21.64062 17.4219,39.0625 39.0625,39.0625 h 15.625 390.625 15.625 c 21.6406,0 39.0625,-17.42188 39.0625,-39.0625 V 475.31245 84.68751 69.06251 c 0,-21.64063 -17.4219,-39.0625 -39.0625,-39.0625 h -15.625 -390.625 z"/>
 </g>
 <g id="yellow-notes" transform="translate(-675,-29.000019)">
  <rect style="opacity:0.00100002;fill:#000000;fill-opacity:1;stroke-width:1.2364918" id="rect4655" width="514" height="514" x="1703" y="29"/>
  <path id="path4657" d="m 1748.2188,35.000019 c -21.7272,0 -39.2188,17.491563 -39.2188,39.218746 V 89.906261 482.09371 497.78125 C 1709,519.50843 1726.4916,537 1748.2188,537 h 15.6874 392.1875 15.6875 C 2193.5084,537 2211,519.50843 2211,497.78125 V 482.09371 89.906261 74.218765 c 0,-21.727183 -17.4916,-39.218746 -39.2188,-39.218746 h -15.6875 -392.1875 z" style="opacity:0.02000002;fill:#000000;fill-opacity:1;stroke:none"/>
  <path style="opacity:0.02000002;fill:#000000;fill-opacity:1;stroke:none" id="path4659" d="m 1747.375,34.000019 c -21.8138,0 -39.375,17.561251 -39.375,39.374996 V 89.125011 482.87496 498.625 c 0,21.81374 17.5612,39.375 39.375,39.375 h 15.75 393.75 15.75 C 2194.4387,538 2212,520.43874 2212,498.625 V 482.87496 89.125011 73.375015 c 0,-21.813745 -17.5613,-39.374996 -39.375,-39.374996 h -15.75 -393.75 z"/>
  <path id="path4661" d="m 1746.5313,33.000019 c -21.9004,0 -39.5313,17.630939 -39.5313,39.531246 V 88.343761 483.65621 499.46875 C 1707,521.36905 1724.6309,539 1746.5313,539 h 15.8124 395.3125 15.8125 C 2195.3691,539 2213,521.36905 2213,499.46875 V 483.65621 88.343761 72.531265 c 0,-21.900307 -17.6309,-39.531246 -39.5313,-39.531246 h -15.8125 -395.3125 z" style="opacity:0.02000002;fill:#000000;fill-opacity:1;stroke:none"/>
  <path style="opacity:0.02000002;fill:#000000;fill-opacity:1;stroke:none" id="path4663" d="m 1745.6875,32.000019 c -21.9869,0 -39.6875,17.700627 -39.6875,39.687496 V 87.562511 484.43746 500.3125 c 0,21.98686 17.7006,39.6875 39.6875,39.6875 h 15.875 396.875 15.875 C 2196.2994,540 2214,522.29936 2214,500.3125 V 484.43746 87.562511 71.687515 c 0,-21.986869 -17.7006,-39.687496 -39.6875,-39.687496 h -15.875 -396.875 z"/>
  <path id="path4665" d="m 1744.8438,31.000019 c -22.0735,0 -39.8438,17.770315 -39.8438,39.843746 V 86.781261 485.21871 501.15625 C 1705,523.22967 1722.7703,541 1744.8438,541 h 15.9374 398.4375 15.9375 C 2197.2297,541 2215,523.22967 2215,501.15625 V 485.21871 86.781261 70.843765 c 0,-22.073431 -17.7703,-39.843746 -39.8438,-39.843746 h -15.9375 -398.4375 z" style="opacity:0.02000002;fill:#000000;fill-opacity:1;stroke:none"/>
  <path style="opacity:0.02000002;fill:#000000;fill-opacity:1;stroke:none" id="path4667" d="m 1744,30.000019 c -22.16,0 -40,17.840003 -40,39.999996 V 86.000011 485.99996 502 c 0,22.15998 17.84,40 40,40 h 16 400 16 c 22.16,0 40,-17.84002 40,-40 V 485.99996 86.000011 70.000015 c 0,-22.159993 -17.84,-39.999996 -40,-39.999996 h -16 -400 z"/>
  <path style="opacity:1;fill:#f8cc3e;fill-opacity:1;stroke:none" id="path4669" d="m 1749.0625,30.00001 c -21.6406,0 -39.0625,17.42187 -39.0625,39.0625 v 15.625 390.62494 15.62504 c 0,21.64062 17.4219,39.0625 39.0625,39.0625 h 15.625 390.625 15.625 c 21.6406,0 39.0625,-17.42188 39.0625,-39.0625 V 475.31245 84.68751 69.06251 c 0,-21.64063 -17.4219,-39.0625 -39.0625,-39.0625 h -15.625 -390.625 z"/>
 </g>
 <g id="red-notes" transform="translate(-161,-29.000019)">
  <rect id="rect4673" width="514" height="514" x="1703" y="29" style="opacity:0.00100002;fill:#000000;fill-opacity:1;stroke-width:1.2364918"/>
  <path style="opacity:0.02000002;fill:#000000;fill-opacity:1;stroke:none" id="path4675" d="m 1748.2188,35.000019 c -21.7272,0 -39.2188,17.491563 -39.2188,39.218746 V 89.906261 482.09371 497.78125 C 1709,519.50843 1726.4916,537 1748.2188,537 h 15.6874 392.1875 15.6875 C 2193.5084,537 2211,519.50843 2211,497.78125 V 482.09371 89.906261 74.218765 c 0,-21.727183 -17.4916,-39.218746 -39.2188,-39.218746 h -15.6875 -392.1875 z"/>
  <path id="path4677" d="m 1747.375,34.000019 c -21.8138,0 -39.375,17.561251 -39.375,39.374996 V 89.125011 482.87496 498.625 c 0,21.81374 17.5612,39.375 39.375,39.375 h 15.75 393.75 15.75 C 2194.4387,538 2212,520.43874 2212,498.625 V 482.87496 89.125011 73.375015 c 0,-21.813745 -17.5613,-39.374996 -39.375,-39.374996 h -15.75 -393.75 z" style="opacity:0.02000002;fill:#000000;fill-opacity:1;stroke:none"/>
  <path style="opacity:0.02000002;fill:#000000;fill-opacity:1;stroke:none" id="path4679" d="m 1746.5313,33.000019 c -21.9004,0 -39.5313,17.630939 -39.5313,39.531246 V 88.343761 483.65621 499.46875 C 1707,521.36905 1724.6309,539 1746.5313,539 h 15.8124 395.3125 15.8125 C 2195.3691,539 2213,521.36905 2213,499.46875 V 483.65621 88.343761 72.531265 c 0,-21.900307 -17.6309,-39.531246 -39.5313,-39.531246 h -15.8125 -395.3125 z"/>
  <path id="path4681" d="m 1745.6875,32.000019 c -21.9869,0 -39.6875,17.700627 -39.6875,39.687496 V 87.562511 484.43746 500.3125 c 0,21.98686 17.7006,39.6875 39.6875,39.6875 h 15.875 396.875 15.875 C 2196.2994,540 2214,522.29936 2214,500.3125 V 484.43746 87.562511 71.687515 c 0,-21.986869 -17.7006,-39.687496 -39.6875,-39.687496 h -15.875 -396.875 z" style="opacity:0.02000002;fill:#000000;fill-opacity:1;stroke:none"/>
  <path style="opacity:0.02000002;fill:#000000;fill-opacity:1;stroke:none" id="path4683" d="m 1744.8438,31.000019 c -22.0735,0 -39.8438,17.770315 -39.8438,39.843746 V 86.781261 485.21871 501.15625 C 1705,523.22967 1722.7703,541 1744.8438,541 h 15.9374 398.4375 15.9375 C 2197.2297,541 2215,523.22967 2215,501.15625 V 485.21871 86.781261 70.843765 c 0,-22.073431 -17.7703,-39.843746 -39.8438,-39.843746 h -15.9375 -398.4375 z"/>
  <path id="path4685" d="m 1744,30.000019 c -22.16,0 -40,17.840003 -40,39.999996 V 86.000011 485.99996 502 c 0,22.15998 17.84,40 40,40 h 16 400 16 c 22.16,0 40,-17.84002 40,-40 V 485.99996 86.000011 70.000015 c 0,-22.159993 -17.84,-39.999996 -40,-39.999996 h -16 -400 z" style="opacity:0.02000002;fill:#000000;fill-opacity:1;stroke:none"/>
  <path id="path4687" d="m 1749.0625,30.00001 c -21.6406,0 -39.0625,17.42187 -39.0625,39.0625 v 15.625 390.62494 15.62504 c 0,21.64062 17.4219,39.0625 39.0625,39.0625 h 15.625 390.625 15.625 c 21.6406,0 39.0625,-17.42188 39.0625,-39.0625 V 475.31245 84.68751 69.06251 c 0,-21.64063 -17.4219,-39.0625 -39.0625,-39.0625 h -15.625 -390.625 z" style="opacity:1;fill:#e25252;fill-opacity:1;stroke:none"/>
 </g>
 <g id="orange-notes" transform="translate(353,-29.000019)">
  <rect id="rect4691" width="514" height="514" x="1703" y="29" style="opacity:0.00100002;fill:#000000;fill-opacity:1;stroke-width:1.2364918"/>
  <path style="opacity:0.02000002;fill:#000000;fill-opacity:1;stroke:none" id="path4693" d="m 1748.2188,35.000019 c -21.7272,0 -39.2188,17.491563 -39.2188,39.218746 V 89.906261 482.09371 497.78125 C 1709,519.50843 1726.4916,537 1748.2188,537 h 15.6874 392.1875 15.6875 C 2193.5084,537 2211,519.50843 2211,497.78125 V 482.09371 89.906261 74.218765 c 0,-21.727183 -17.4916,-39.218746 -39.2188,-39.218746 h -15.6875 -392.1875 z"/>
  <path id="path4695" d="m 1747.375,34.000019 c -21.8138,0 -39.375,17.561251 -39.375,39.374996 V 89.125011 482.87496 498.625 c 0,21.81374 17.5612,39.375 39.375,39.375 h 15.75 393.75 15.75 C 2194.4387,538 2212,520.43874 2212,498.625 V 482.87496 89.125011 73.375015 c 0,-21.813745 -17.5613,-39.374996 -39.375,-39.374996 h -15.75 -393.75 z" style="opacity:0.02000002;fill:#000000;fill-opacity:1;stroke:none"/>
  <path style="opacity:0.02000002;fill:#000000;fill-opacity:1;stroke:none" id="path4697" d="m 1746.5313,33.000019 c -21.9004,0 -39.5313,17.630939 -39.5313,39.531246 V 88.343761 483.65621 499.46875 C 1707,521.36905 1724.6309,539 1746.5313,539 h 15.8124 395.3125 15.8125 C 2195.3691,539 2213,521.36905 2213,499.46875 V 483.65621 88.343761 72.531265 c 0,-21.900307 -17.6309,-39.531246 -39.5313,-39.531246 h -15.8125 -395.3125 z"/>
  <path id="path4699" d="m 1745.6875,32.000019 c -21.9869,0 -39.6875,17.700627 -39.6875,39.687496 V 87.562511 484.43746 500.3125 c 0,21.98686 17.7006,39.6875 39.6875,39.6875 h 15.875 396.875 15.875 C 2196.2994,540 2214,522.29936 2214,500.3125 V 484.43746 87.562511 71.687515 c 0,-21.986869 -17.7006,-39.687496 -39.6875,-39.687496 h -15.875 -396.875 z" style="opacity:0.02000002;fill:#000000;fill-opacity:1;stroke:none"/>
  <path style="opacity:0.02000002;fill:#000000;fill-opacity:1;stroke:none" id="path4701" d="m 1744.8438,31.000019 c -22.0735,0 -39.8438,17.770315 -39.8438,39.843746 V 86.781261 485.21871 501.15625 C 1705,523.22967 1722.7703,541 1744.8438,541 h 15.9374 398.4375 15.9375 C 2197.2297,541 2215,523.22967 2215,501.15625 V 485.21871 86.781261 70.843765 c 0,-22.073431 -17.7703,-39.843746 -39.8438,-39.843746 h -15.9375 -398.4375 z"/>
  <path id="path4703" d="m 1744,30.000019 c -22.16,0 -40,17.840003 -40,39.999996 V 86.000011 485.99996 502 c 0,22.15998 17.84,40 40,40 h 16 400 16 c 22.16,0 40,-17.84002 40,-40 V 485.99996 86.000011 70.000015 c 0,-22.159993 -17.84,-39.999996 -40,-39.999996 h -16 -400 z" style="opacity:0.02000002;fill:#000000;fill-opacity:1;stroke:none"/>
  <path id="path4705" d="m 1749.0625,30.00001 c -21.6406,0 -39.0625,17.42187 -39.0625,39.0625 v 15.625 390.62494 15.62504 c 0,21.64062 17.4219,39.0625 39.0625,39.0625 h 15.625 390.625 15.625 c 21.6406,0 39.0625,-17.42188 39.0625,-39.0625 V 475.31245 84.68751 69.06251 c 0,-21.64063 -17.4219,-39.0625 -39.0625,-39.0625 h -15.625 -390.625 z" style="opacity:1;fill:#fa9d44;fill-opacity:1;stroke:none"/>
 </g>
 <g id="green-notes" transform="translate(867,-29.000038)">
  <rect id="rect4709" width="514" height="514" x="1703" y="29" style="opacity:0.00100002;fill:#000000;fill-opacity:1;stroke-width:1.2364918"/>
  <path style="opacity:0.02000002;fill:#000000;fill-opacity:1;stroke:none" id="path4711" d="m 1748.2188,35.000019 c -21.7272,0 -39.2188,17.491563 -39.2188,39.218746 V 89.906261 482.09371 497.78125 C 1709,519.50843 1726.4916,537 1748.2188,537 h 15.6874 392.1875 15.6875 C 2193.5084,537 2211,519.50843 2211,497.78125 V 482.09371 89.906261 74.218765 c 0,-21.727183 -17.4916,-39.218746 -39.2188,-39.218746 h -15.6875 -392.1875 z"/>
  <path id="path4713" d="m 1747.375,34.000019 c -21.8138,0 -39.375,17.561251 -39.375,39.374996 V 89.125011 482.87496 498.625 c 0,21.81374 17.5612,39.375 39.375,39.375 h 15.75 393.75 15.75 C 2194.4387,538 2212,520.43874 2212,498.625 V 482.87496 89.125011 73.375015 c 0,-21.813745 -17.5613,-39.374996 -39.375,-39.374996 h -15.75 -393.75 z" style="opacity:0.02000002;fill:#000000;fill-opacity:1;stroke:none"/>
  <path style="opacity:0.02000002;fill:#000000;fill-opacity:1;stroke:none" id="path4715" d="m 1746.5313,33.000019 c -21.9004,0 -39.5313,17.630939 -39.5313,39.531246 V 88.343761 483.65621 499.46875 C 1707,521.36905 1724.6309,539 1746.5313,539 h 15.8124 395.3125 15.8125 C 2195.3691,539 2213,521.36905 2213,499.46875 V 483.65621 88.343761 72.531265 c 0,-21.900307 -17.6309,-39.531246 -39.5313,-39.531246 h -15.8125 -395.3125 z"/>
  <path id="path4717" d="m 1745.6875,32.000019 c -21.9869,0 -39.6875,17.700627 -39.6875,39.687496 V 87.562511 484.43746 500.3125 c 0,21.98686 17.7006,39.6875 39.6875,39.6875 h 15.875 396.875 15.875 C 2196.2994,540 2214,522.29936 2214,500.3125 V 484.43746 87.562511 71.687515 c 0,-21.986869 -17.7006,-39.687496 -39.6875,-39.687496 h -15.875 -396.875 z" style="opacity:0.02000002;fill:#000000;fill-opacity:1;stroke:none"/>
  <path style="opacity:0.02000002;fill:#000000;fill-opacity:1;stroke:none" id="path4719" d="m 1744.8438,31.000019 c -22.0735,0 -39.8438,17.770315 -39.8438,39.843746 V 86.781261 485.21871 501.15625 C 1705,523.22967 1722.7703,541 1744.8438,541 h 15.9374 398.4375 15.9375 C 2197.2297,541 2215,523.22967 2215,501.15625 V 485.21871 86.781261 70.843765 c 0,-22.073431 -17.7703,-39.843746 -39.8438,-39.843746 h -15.9375 -398.4375 z"/>
  <path id="path4721" d="m 1744,30.000019 c -22.16,0 -40,17.840003 -40,39.999996 V 86.000011 485.99996 502 c 0,22.15998 17.84,40 40,40 h 16 400 16 c 22.16,0 40,-17.84002 40,-40 V 485.99996 86.000011 70.000015 c 0,-22.159993 -17.84,-39.999996 -40,-39.999996 h -16 -400 z" style="opacity:0.02000002;fill:#000000;fill-opacity:1;stroke:none"/>
  <path id="path4723" d="m 1749.0625,30.00001 c -21.6406,0 -39.0625,17.42187 -39.0625,39.0625 v 15.625 390.62494 15.62504 c 0,21.64062 17.4219,39.0625 39.0625,39.0625 h 15.625 390.625 15.625 c 21.6406,0 39.0625,-17.42188 39.0625,-39.0625 V 475.31245 84.68751 69.06251 c 0,-21.64063 -17.4219,-39.0625 -39.0625,-39.0625 h -15.625 -390.625 z" style="opacity:1;fill:#76ac3c;fill-opacity:1;stroke:none"/>
 </g>
 <g id="blue-notes" transform="translate(1381,-29.000038)">
  <rect style="opacity:0.00100002;fill:#000000;fill-opacity:1;stroke-width:1.2364918" id="rect4727" width="514" height="514" x="1703" y="29"/>
  <path id="path4729" d="m 1748.2188,35.000019 c -21.7272,0 -39.2188,17.491563 -39.2188,39.218746 V 89.906261 482.09371 497.78125 C 1709,519.50843 1726.4916,537 1748.2188,537 h 15.6874 392.1875 15.6875 C 2193.5084,537 2211,519.50843 2211,497.78125 V 482.09371 89.906261 74.218765 c 0,-21.727183 -17.4916,-39.218746 -39.2188,-39.218746 h -15.6875 -392.1875 z" style="opacity:0.02000002;fill:#000000;fill-opacity:1;stroke:none"/>
  <path style="opacity:0.02000002;fill:#000000;fill-opacity:1;stroke:none" id="path4731" d="m 1747.375,34.000019 c -21.8138,0 -39.375,17.561251 -39.375,39.374996 V 89.125011 482.87496 498.625 c 0,21.81374 17.5612,39.375 39.375,39.375 h 15.75 393.75 15.75 C 2194.4387,538 2212,520.43874 2212,498.625 V 482.87496 89.125011 73.375015 c 0,-21.813745 -17.5613,-39.374996 -39.375,-39.374996 h -15.75 -393.75 z"/>
  <path id="path4733" d="m 1746.5313,33.000019 c -21.9004,0 -39.5313,17.630939 -39.5313,39.531246 V 88.343761 483.65621 499.46875 C 1707,521.36905 1724.6309,539 1746.5313,539 h 15.8124 395.3125 15.8125 C 2195.3691,539 2213,521.36905 2213,499.46875 V 483.65621 88.343761 72.531265 c 0,-21.900307 -17.6309,-39.531246 -39.5313,-39.531246 h -15.8125 -395.3125 z" style="opacity:0.02000002;fill:#000000;fill-opacity:1;stroke:none"/>
  <path style="opacity:0.02000002;fill:#000000;fill-opacity:1;stroke:none" id="path4735" d="m 1745.6875,32.000019 c -21.9869,0 -39.6875,17.700627 -39.6875,39.687496 V 87.562511 484.43746 500.3125 c 0,21.98686 17.7006,39.6875 39.6875,39.6875 h 15.875 396.875 15.875 C 2196.2994,540 2214,522.29936 2214,500.3125 V 484.43746 87.562511 71.687515 c 0,-21.986869 -17.7006,-39.687496 -39.6875,-39.687496 h -15.875 -396.875 z"/>
  <path id="path4737" d="m 1744.8438,31.000019 c -22.0735,0 -39.8438,17.770315 -39.8438,39.843746 V 86.781261 485.21871 501.15625 C 1705,523.22967 1722.7703,541 1744.8438,541 h 15.9374 398.4375 15.9375 C 2197.2297,541 2215,523.22967 2215,501.15625 V 485.21871 86.781261 70.843765 c 0,-22.073431 -17.7703,-39.843746 -39.8438,-39.843746 h -15.9375 -398.4375 z" style="opacity:0.02000002;fill:#000000;fill-opacity:1;stroke:none"/>
  <path style="opacity:0.02000002;fill:#000000;fill-opacity:1;stroke:none" id="path4739" d="m 1744,30.000019 c -22.16,0 -40,17.840003 -40,39.999996 V 86.000011 485.99996 502 c 0,22.15998 17.84,40 40,40 h 16 400 16 c 22.16,0 40,-17.84002 40,-40 V 485.99996 86.000011 70.000015 c 0,-22.159993 -17.84,-39.999996 -40,-39.999996 h -16 -400 z"/>
  <path style="opacity:1;fill:#338dd6;fill-opacity:1;stroke:none" id="path4741" d="m 1749.0625,30.00001 c -21.6406,0 -39.0625,17.42187 -39.0625,39.0625 v 15.625 390.62494 15.62504 c 0,21.64062 17.4219,39.0625 39.0625,39.0625 h 15.625 390.625 15.625 c 21.6406,0 39.0625,-17.42188 39.0625,-39.0625 V 475.31245 84.68751 69.06251 c 0,-21.64063 -17.4219,-39.0625 -39.0625,-39.0625 h -15.625 -390.625 z"/>
 </g>
 <g id="pink-notes" transform="translate(1895,-29.000038)">
  <rect id="rect4745" width="514" height="514" x="1703" y="29" style="opacity:0.00100002;fill:#000000;fill-opacity:1;stroke-width:1.2364918"/>
  <path style="opacity:0.02000002;fill:#000000;fill-opacity:1;stroke:none" id="path4747" d="m 1748.2188,35.000019 c -21.7272,0 -39.2188,17.491563 -39.2188,39.218746 V 89.906261 482.09371 497.78125 C 1709,519.50843 1726.4916,537 1748.2188,537 h 15.6874 392.1875 15.6875 C 2193.5084,537 2211,519.50843 2211,497.78125 V 482.09371 89.906261 74.218765 c 0,-21.727183 -17.4916,-39.218746 -39.2188,-39.218746 h -15.6875 -392.1875 z"/>
  <path id="path4749" d="m 1747.375,34.000019 c -21.8138,0 -39.375,17.561251 -39.375,39.374996 V 89.125011 482.87496 498.625 c 0,21.81374 17.5612,39.375 39.375,39.375 h 15.75 393.75 15.75 C 2194.4387,538 2212,520.43874 2212,498.625 V 482.87496 89.125011 73.375015 c 0,-21.813745 -17.5613,-39.374996 -39.375,-39.374996 h -15.75 -393.75 z" style="opacity:0.02000002;fill:#000000;fill-opacity:1;stroke:none"/>
  <path style="opacity:0.02000002;fill:#000000;fill-opacity:1;stroke:none" id="path4751" d="m 1746.5313,33.000019 c -21.9004,0 -39.5313,17.630939 -39.5313,39.531246 V 88.343761 483.65621 499.46875 C 1707,521.36905 1724.6309,539 1746.5313,539 h 15.8124 395.3125 15.8125 C 2195.3691,539 2213,521.36905 2213,499.46875 V 483.65621 88.343761 72.531265 c 0,-21.900307 -17.6309,-39.531246 -39.5313,-39.531246 h -15.8125 -395.3125 z"/>
  <path id="path4753" d="m 1745.6875,32.000019 c -21.9869,0 -39.6875,17.700627 -39.6875,39.687496 V 87.562511 484.43746 500.3125 c 0,21.98686 17.7006,39.6875 39.6875,39.6875 h 15.875 396.875 15.875 C 2196.2994,540 2214,522.29936 2214,500.3125 V 484.43746 87.562511 71.687515 c 0,-21.986869 -17.7006,-39.687496 -39.6875,-39.687496 h -15.875 -396.875 z" style="opacity:0.02000002;fill:#000000;fill-opacity:1;stroke:none"/>
  <path style="opacity:0.02000002;fill:#000000;fill-opacity:1;stroke:none" id="path4755" d="m 1744.8438,31.000019 c -22.0735,0 -39.8438,17.770315 -39.8438,39.843746 V 86.781261 485.21871 501.15625 C 1705,523.22967 1722.7703,541 1744.8438,541 h 15.9374 398.4375 15.9375 C 2197.2297,541 2215,523.22967 2215,501.15625 V 485.21871 86.781261 70.843765 c 0,-22.073431 -17.7703,-39.843746 -39.8438,-39.843746 h -15.9375 -398.4375 z"/>
  <path id="path4757" d="m 1744,30.000019 c -22.16,0 -40,17.840003 -40,39.999996 V 86.000011 485.99996 502 c 0,22.15998 17.84,40 40,40 h 16 400 16 c 22.16,0 40,-17.84002 40,-40 V 485.99996 86.000011 70.000015 c 0,-22.159993 -17.84,-39.999996 -40,-39.999996 h -16 -400 z" style="opacity:0.02000002;fill:#000000;fill-opacity:1;stroke:none"/>
  <path id="path4759" d="m 1749.0625,30.00001 c -21.6406,0 -39.0625,17.42187 -39.0625,39.0625 v 15.625 390.62494 15.62504 c 0,21.64062 17.4219,39.0625 39.0625,39.0625 h 15.625 390.625 15.625 c 21.6406,0 39.0625,-17.42188 39.0625,-39.0625 V 475.31245 84.68751 69.06251 c 0,-21.64063 -17.4219,-39.0625 -39.0625,-39.0625 h -15.625 -390.625 z" style="opacity:1;fill:#ca71df;fill-opacity:1;stroke:none"/>
 </g>
</svg>
